28.5902
28.733
29.2283
28.8585
28.9851
29.0002
28.6724
28.924
29.0692
29.1608
28.9191
29.2932
28.9202
29.4303
28.9002
28.9336
29.0056
29.0539
29.0538
28.7495
28.975
29.1225
29.0028
29.0061
28.8394
28.8284
29.0783
29.3611
28.796
29.3048
29.1235
29.0363
29.0184
29.1578
28.8993
29.1146
29.0203
29.5754
28.6619
29.1196
28.2976
29.129
29.0601
29.0115
28.8315
29.4054
28.8028
28.7519
28.6555
28.8649
28.8696
29.29
28.9029
29.2503
29.1462
29.1481
29.1272
28.7534
28.7111
28.9279
29.3157
28.7678
28.9507
29.1073
29.1288
28.929
28.6434
29.1076
28.8828
28.9464
29.0275
29.3575
29.1804
29.3103
29.1745
29.2688
28.9193
29.0525
28.9737
29.2244
28.9711
28.4695
28.9588
28.7862
28.984
28.6057
28.7522
29.0428
29.0099
29.2514
29.1403
29.1545
28.5636
29.2458
28.7783
29.1905
29.0523
29.2235
29.3029
28.8136
28.6704
28.8131
29.2683
28.8711
28.784
29.2075
28.2977
28.8668
28.9337
29.1446
28.551
28.4758
28.7349
28.7769
28.9867
28.8363
28.2092
28.7364
28.9591
28.7689
29.0402
28.9033
29.2703
28.8708
28.7329
28.7271
28.8933
28.9565
29.2924
28.6545
28.8108
28.6919
28.8197
28.692
28.7939
28.8188
28.9755
28.7602
28.4889
28.6247
28.7787
29.0012
28.3984
28.8927
28.6309
28.6164
28.9777
28.8839
28.3496
28.7869
28.5443
28.9986
28.8665
28.6156
28.888
28.6979
28.7561
28.7334
29.3989
28.807
29.0595
28.3259
28.6127
28.6047
28.5689
28.8377
28.8151
28.9634
28.9577
28.9275
28.9863
28.8164
28.8941
28.7347
28.3933
28.3719
28.8543
28.6361
28.6148
28.7511
28.9065
28.6308
28.9507
28.9714
28.747
28.9746
28.6909
29.147
28.7207
28.9064
28.5419
29.263
28.9106
29.1681
29.0642
29.1085
28.9101
28.604
29.0532
28.8866
28.1669
29.5627
28.6637
28.592
29.1245
28.8528
29.0918
28.5119
28.3407
28.6373
28.8414
28.9563
28.4535
28.7194
28.676
28.7239
28.5621
28.5416
28.8389
28.9766
28.6506
28.7396
28.9446
28.2927
28.3632
28.9445
29.0635
28.8031
28.729
28.9376
28.7595
28.6088
28.9086
28.6611
29.0348
28.6371
28.8928
28.6378
28.756
28.3512
28.9006
28.8133
28.5842
28.8805
28.6284
28.4855
29.0357
28.5078
28.6059
29.0265
28.808
28.4364
28.7553
28.6718
28.818
28.651
28.6078
28.7722
29.0696
28.8133
28.8246
28.5194
28.9151
28.7186
29.0416
29.0553
29.0191
28.4781
28.8004
28.9555
28.9887
28.7942
28.6991
28.6917
29.1292
28.4537
29.0549
28.8273
28.6976
28.5649
28.6793
28.7718
28.787
28.8363
28.6596
28.9502
29.1113
28.6807
28.6298
29.1338
29.1541
28.956
29.2711
29.0262
28.8604
28.6458
28.4933
28.3818
28.7164
29.0228
28.7014
28.4617
28.9709
28.8674
29.1157
28.7065
28.6492
28.6132
29.1525
28.8506
28.862
29.1512
28.9757
28.8801
29.044
28.7871
28.7682
28.9018
28.4816
28.9647
28.9361
28.7935
28.9709
28.9217
29.0317
28.8972
28.9244
28.77
29.0098
28.9086
28.9366
28.5402
29.2232
28.8426
28.8462
28.5284
29.4877
28.5489
28.9469
29.4773
28.8993
28.4505
28.6292
28.3037
28.7722
28.8599
29.2348
28.6783
28.982
28.5762
28.8816
28.8581
28.7407
28.9957
28.9847
28.9091
28.7249
29.2914
29.0112
28.5243
28.8516
28.7449
29.0385
28.9253
28.7299
28.9815
28.8297
28.5119
29.1285
28.8562
29.0946
28.5439
28.8814
28.6101
28.6579
28.6932
28.6475
28.523
29.1095
28.9898
29.1868
28.784
28.947
28.781
28.9985
28.7309
28.9669
29.0192
28.9493
28.7832
29.0786
28.8593
29.084
28.905
28.8057
28.7142
28.8308
28.6148
28.5185
29.2101
28.2201
28.6765
28.5151
28.8021
28.739
28.9637
29.0613
28.7672
29.234
28.878
29.0965
28.8992
28.9534
28.7897
28.9308
28.7419
28.6876
28.8239
28.7468
28.7952
28.7151
28.8513
28.6428
28.8954
28.6738
28.9443
28.6181
29.0629
28.8616
28.8886
28.894
29.1258
28.4892
28.5328
28.772
28.896
28.6954
28.4229
28.612
29.0875
28.7761
28.8823
28.671
28.7687
28.9193
28.8544
28.769
28.4293
28.476
28.7237
28.8272
28.3826
28.7971
28.4881
28.7894
28.7273
28.6985
29.0073
28.76
28.7723
29.0442
29.0124
28.4847
29.0798
28.9481
28.8669
28.4656
28.8047
29.1957
28.976
28.9108
29.2
28.5147
28.6574
28.8571
28.6916
28.4431
28.8713
28.6959
28.6233
29.1507
29.0015
28.6042
28.9457
29.2001
29.0677
28.8486
28.8636
28.927
29.0147
29.1135
29.289
28.3687
28.8084
28.9986
28.7074
28.7022
29.2734
28.5436
29.1533
28.9883
28.7999
28.6701
28.8544
29.0397
28.4807
28.7488
28.6701
28.5807
28.9497
28.9283
28.5685
29.0139
28.2869
29.1648
28.5749
29.2242
29.0261
28.6811
28.9664
28.9854
29.2271
28.6294
28.7129
28.941
29.0957
28.9301
28.9147
28.9143
28.9753
28.6997
29.1482
28.888
28.6114
28.5615
29.0631
28.8371
28.8933
28.934
28.9416
28.7282
28.6532
28.9992
29.0448
29.0731
28.798
28.8747
29.1441
28.8911
28.8116
29.1563
29.1234
28.8725
28.8587
29.0614
28.9946
28.7958
28.9845
29.0608
29.0745
28.8376
29.2279
28.918
28.4898
28.8856
28.9315
29.2295
28.9431
29.0046
28.8354
28.7831
28.7717
28.8075
29.2551
29.2893
29.0753
28.6653
28.9133
28.7938
28.5905
28.697
29.1037
28.438
28.867
28.6301
28.3272
28.731
28.4348
28.4551
28.6265
28.6628
28.4106
29.1219
28.882
28.7296
28.7641
28.9254
29.2225
28.8373
29.0041
28.9108
28.8485
29.0155
28.8413
28.8972
28.8897
28.5054
28.5211
28.9399
28.8368
28.7496
28.5336
29.0874
29.0609
28.9024
28.5544
28.846
28.9675
29.4421
28.7955
28.7016
28.8632
29.0182
28.4922
29.0872
28.8138
28.9544
28.9348
28.975
29.0925
29.041
28.857
28.7553
28.932
28.9306
29.0631
29.0662
28.9422
29.0499
29.1121
29.1329
28.5821
29.1006
28.9183
28.8869
28.8299
28.9207
28.5716
29.3209
28.3961
28.6887
28.8129
28.9776
29.2221
28.4791
28.9054
28.7691
28.8021
28.844
28.8523
29.3218
29.0093
29.2587
29.1166
28.9529
29.2524
28.7686
29.242
28.8537
29.1829
29.0815
29.1587
28.5107
29.0648
28.9102
28.5526
28.8557
28.6062
29.1721
28.6853
28.6828
28.5159
28.8153
29.0401
28.8656
29.2175
29.3078
28.8748
28.9888
29.0044
28.6145
28.7007
28.5868
28.9644
28.8174
28.8358
28.8633
29.0173
28.9893
28.9061
28.7949
28.4028
28.9008
28.6129
29.1434
28.9461
29.2561
28.8685
28.5327
28.676
29.2428
28.7824
28.5681
28.6908
28.5963
28.982
28.3568
28.4256
28.6586
28.6976
28.6468
28.8375
28.7902
29.1294
28.9079
28.9254
28.6518
29.084
29.095
28.4003
29.0315
28.8913
28.75
29.0886
29.0377
28.5286
28.792
28.7969
28.7785
29.4348
29.5427
28.7098
28.8181
29.2087
29.0209
29.1195
29.1185
28.9416
28.197
28.7663
28.6839
28.6604
29.0142
29.0742
29.0945
28.9539
28.8613
28.7445
28.7837
28.3819
29.0144
29.1908
29.0391
28.9331
29.0857
29.0128
28.806
29.125
28.0943
29.0901
28.9809
28.7206
28.7741
28.8348
28.9242
29.3339
29.2506
28.8769
29.0466
28.9468
28.862
28.9971
28.7795
28.7763
28.9229
28.9367
29.2937
28.9165
28.7638
29.3293
28.9485
29.3886
28.7534
28.933
28.7324
29.1601
28.7663
28.955
28.527
29.188
28.5591
29.0494
29.0204
28.8547
28.9144
29.1409
28.4949
29.0061
28.6518
29.1058
28.8804
28.9114
28.6619
29.0689
29.2837
28.5637
29.2742
29.0034
28.7639
28.8775
28.7953
28.9084
29.0049
29.0262
28.8392
28.4992
28.4875
28.8722
28.9595
28.7508
29.2588
29.2539
28.8851
28.9318
28.7569
29.1472
28.6983
28.8096
28.8618
28.7592
29.0688
28.643
28.8424
28.6626
28.811
29.0444
28.881
28.9476
29.0121
29.0736
28.8298
28.9103
28.7784
29.1379
29.3157
28.7673
29.1277
28.668
28.2534
28.5952
28.7663
28.5639
28.7978
29.0018
28.5952
29.0529
28.6526
28.5666
28.917
28.9075
28.979
28.6826
28.738
28.7869
28.8078
29.1466
28.4859
28.6868
28.5077
28.9091
29.0146
28.6398
28.7134
28.5868
28.6135
28.9475
28.6381
29.3598
28.7433
28.616
28.7372
29.0555
28.9567
28.5616
28.7293
28.7269
29.0512
28.8541
28.539
28.4792
28.763
28.6577
28.8006
28.7674
29.0033
28.7994
28.8602
28.6791
29.1866
28.7778
28.5417
28.5099
28.6822
28.8666
28.6951
29.0016
28.8397
29.435
28.8735
28.6636
28.6102
28.7868
28.3873
28.737
28.6878
29.0028
28.6006
28.7837
28.791
28.7427
28.7738
28.4184
28.478
28.4474
28.8931
28.882
28.8432
28.8348
28.5064
28.9212
29.195
29.1072
28.9351
28.8365
28.6744
29.0403
28.9661
28.5916
28.8776
29.2223
28.8177
28.8346
29.2547
28.8283
29.1809
28.8494
29.4009
28.8678
28.9957
29.4541
28.7929
28.8972
28.6255
28.8667
28.966
29.0562
28.8436
28.7352
28.8617
28.9978
29.1515
29.0495
29.1338
29.0687
28.9828
28.8277
29.1466
28.7233
28.7755
28.7328
29.3032
28.8483
28.898
29.1816
28.8032
28.6061
28.4199
28.9382
28.7213
28.497
28.9857
28.7429
28.9217
29.3125
29.1373
29.1679
28.6646
29.0618
29.1036
28.8185
29.0803
28.7875
29.2757
28.9048
29.2447
29.1383
29.2963
28.8562
28.9652
29.2741
28.8735
28.8342
29.1793
29.1449
29.0973
28.8576
28.9378
28.7945
29.07
28.8072
28.8574
29.1174
29.2273
28.7843
29.162
28.9703
28.954
28.8905
29.2612
28.9656
28.8015
29.2966
28.9077
29.2651
29.0108
28.4528
28.7197
28.8297
28.9629
28.503
28.7987
28.5325
28.9404
28.9712
29.0512
28.6519
28.5292
29.1656
29.253
28.9047
28.94
28.8665
29.1481
28.7643
29.1271
28.6509
28.7847
28.5565
28.6682
29.2397
28.7149
29.1048
28.8964
28.6717
29.1257
28.6472
28.8583
28.7268
29.2923
28.9999
28.8258
28.7737
28.8217
28.2779
28.8858
28.7493
28.5211
28.574
28.9941
28.6316
28.8457
29.362
28.9551
29.1012
28.3236
28.8356
28.5443
29.2103
28.5842
28.6445
28.8389
28.9231
28.55
28.9702
29.0205
28.7552
28.7325
29.3144
28.9899
28.6042
28.8054
28.8588
29.0052
28.6288
28.6023
29.0035
28.4686
28.8953
29.0508
28.9682
28.6886
28.8255
29.0603
28.6266
29.0896
28.8448
28.8244
28.9544
28.9592
28.898
28.8042
28.922
28.5396
29.0341
28.6086
28.7249
28.991
29.1243
28.9337
28.9638
28.9567
28.9402
28.5907
28.9963
28.9713
29.1664
28.7934
28.9844
28.976
29.1576
28.8389
29.0892
28.9385
28.7123
28.9289
29.0247
28.0666
29.0229
28.9598
28.7124
28.9653
28.9965
29.0107
28.4276
28.8114
29.2778
28.6333
29.0627
28.8766
28.8461
28.6621
29.2603
28.6805
28.4648
28.8533
29.0863
29.1408
28.64
28.9578
28.805
29.2848
29.3189
29.1245
29.0825
28.5184
28.9598
29.1878
29.0446
29.1205
28.7514
29.146
29.2377
28.8935
28.997
29.1887
29.1507
28.7114
28.8835
29.0291
29.6778
28.5888
28.7365
28.4635
28.597
29.0326
29.1067
28.8729
28.786
28.9097
28.817
28.7247
29.0672
28.8765
29.0141
29.1973
29.1509
29.2366
29.0029
29.6485
28.1719
28.82
28.6244
28.3953
28.2813
28.3503
28.8151
28.7636
28.692
28.8023
28.7051
28.6387
28.7869
28.564
28.5098
28.5306
28.6714
28.7967
28.5544
28.3121
28.4168
28.5006
28.791
28.6492
28.5018
28.2294
29.0215
28.4915
28.4639
28.4225
28.7335
28.4082
29.2221
28.3324
28.6663
28.465
28.649
28.1785
28.9643
28.3624
28.3652
28.6363
28.4416
28.6995
28.3063
28.3256
28.8388
28.7086
28.511
28.4444
28.765
28.8496
28.4563
28.3185
28.593
28.5343
28.2468
28.6707
28.3068
28.7853
28.7777
28.4957
28.8705
28.4623
28.5578
28.2763
29.0735
28.5431
28.469
28.8133
28.5305
28.5431
28.1084
28.893
28.4922
28.7342
28.7705
28.7445
28.8752
28.5357
28.3407
28.4875
28.6592
28.8852
29.0562
28.74
28.902
28.5894
28.7172
28.5627
28.7454
28.8829
28.8229
28.8157
29.0179
28.8421
28.9264
28.9465
28.7343
29.0093
27.9725
28.8699
28.5474
28.6693
29.0582
28.8276
28.5798
28.6163
28.9225
28.4513
28.5536
28.9298
28.7762
28.3301
28.7609
28.7976
28.7607
28.7929
28.4984
28.2736
28.7937
28.6895
28.7924
28.8704
28.4144
28.32
28.3732
28.6341
28.8584
28.7892
28.8973
28.6874
28.6486
28.7805
29.0254
28.7167
29.0036
28.8055
28.8951
28.9198
28.7486
28.7821
28.9572
29.3106
28.5191
28.6372
28.7941
28.7542
28.6724
29.1297
28.567
29.1015
28.7628
28.7916
28.8262
28.2947
29.0935
28.6123
28.5492
28.7347
28.864
28.6471
28.8631
28.5806
28.6904
28.9214
29.4159
28.8554
28.8409
28.9586
29.0268
28.5539
28.5603
28.5435
28.7476
28.4957
28.6735
28.5279
29.1833
28.2506
28.89
28.9929
28.6233
28.7067
28.8394
29.0094
28.8799
28.1801
28.4493
28.7513
28.6255
28.1142
28.5706
28.826
28.2461
28.6783
28.7693
29.1898
28.6663
28.426
28.7162
29.0716
28.5518
28.5867
28.7116
28.6395
28.6189
28.6059
28.5134
28.5809
28.6689
28.7586
28.7738
28.5802
28.525
28.807
28.9894
28.8638
29.038
29.0453
29.0003
28.7385
29.0948
28.474
28.7155
28.8655
28.659
28.9537
28.3442
28.3711
29.2046
29.2039
28.4641
28.5039
28.7754
28.9581
28.7499
28.2934
29.1719
28.7851
28.8764
28.7329
28.6438
28.7725
28.7362
28.7226
28.4368
28.8456
28.8767
28.9336
28.9007
29.0825
28.6825
29.0991
28.8019
29.0879
28.7194
28.9496
28.521
28.5884
28.9717
28.5762
28.9579
28.854
28.9199
28.7381
28.7595
28.8084
28.5507
28.4268
28.9683
28.7926
28.7555
28.9638
29.096
28.3982
28.702
28.8528
29.09
28.4595
28.5911
28.5731
28.5614
28.3327
29.1527
28.7079
28.4768
28.9973
28.4126
28.5932
28.4289
28.5558
28.8737
28.7407
28.8643
28.588
28.861
28.8911
28.6526
29.0238
28.563
28.5911
28.7587
28.591
28.5953
28.7745
28.5579
28.679
29.027
28.6487
28.7262
28.7107
28.6294
28.8391
28.838
28.5692
28.7681
28.7583
29.0304
28.9112
28.6979
28.7579
28.7839
28.5727
28.3279
28.534
28.7273
29.1236
29.1113
28.7197
28.7053
28.7102
28.7759
28.6755
28.5071
28.7443
28.9739
28.8139
28.7494
29.1192
28.9986
28.7992
28.8678
28.764
28.9336
29.2644
29.1311
29.1052
28.9701
28.5826
29.5486
29.1959
28.2554
28.9047
28.7375
28.4775
28.7678
28.8732
28.7049
28.9159
29.081
28.9144
28.9355
28.6782
28.973
28.8567
28.9002
28.6808
28.5719
29.0829
28.2888
28.6024
28.5757
28.7976
28.6901
28.7527
28.7962
28.7898
28.6894
28.8887
29.124
28.8758
28.7152
28.6513
28.955
28.9543
28.6077
28.4733
28.9919
28.7496
28.9185
29.1751
29.1171
29.0686
28.886
29.0929
28.7321
29.0154
28.7472
28.442
28.7698
28.7575
28.9982
28.7994
28.6445
28.4797
28.8881
28.4123
28.9845
28.8653
28.9539
28.9815
28.4926
28.7523
29.102
28.8909
28.6175
28.8623
29.2184
29.3341
28.8986
28.942
29.0158
28.7802
29.0908
29.1683
28.9154
28.9873
29.0296
28.9596
28.5844
28.9442
29.1122
28.9234
29.0691
29.0408
29.1872
29.0316
28.9386
28.5277
28.47
29.1849
28.8401
28.9468
28.5934
29.0233
28.8623
29.105
28.4735
28.7708
28.6036
29.1028
28.7587
28.9812
29.0915
28.4606
28.8463
28.9894
28.7418
29.1314
29.157
28.7411
28.9156
28.864
28.7244
29.1591
29.2593
28.7647
28.6938
28.8239
29.1269
28.5888
29.0048
29.1
28.7806
29.1218
28.6717
28.8209
28.5903
28.9471
29.2739
28.9986
28.7131
28.4858
28.8909
28.8864
28.9826
28.8314
28.8091
28.7968
29.0435
28.683
28.9525
29.2194
28.6589
29.2088
29.2735
29.1012
28.8285
29.4241
29.0434
28.5103
28.8523
28.8062
28.9093
28.5247
29.1925
29.1705
28.922
28.8204
28.8289
28.8601
28.9331
28.9213
28.6589
28.9882
29.4
28.7171
28.6524
29.0744
28.7809
28.8444
28.8186
29.052
28.7481
28.7284
28.7605
29.2398
28.5376
28.6999
28.6005
28.7446
28.8666
28.724
28.5456
28.6621
28.7704
28.7205
28.7005
29.0144
28.8012
28.6772
28.8661
28.3765
28.8716
29.1572
28.7867
28.6685
29.2259
28.7237
28.8302
28.8229
28.9966
29.0759
28.9939
28.8184
28.7823
29.3952
28.9082
28.5337
28.9521
28.7346
28.8642
28.7366
29.215
28.8258
28.6322
28.8674
28.9862
28.5945
28.7693
29.0884
29.1904
28.7245
28.7786
29.1167
28.7607
29.0649
28.9785
28.8863
28.9384
28.7319
29.2238
28.8526
28.903
29.6554
29.3145
28.9386
28.8512
29.211
29.2726
28.7149
28.6768
29.0933
28.4797
29.0474
28.9704
28.7185
28.7786
28.8116
28.95
28.7679
28.6865
28.96
28.6599
28.4423
29.0502
28.9014
28.3386
28.8599
28.6582
29.0486
29.2108
28.6946
28.8275
29.0155
28.93
28.4221
28.9746
28.5317
28.7824
28.6913
29.0148
28.6785
28.9145
28.9763
28.6129
29.0952
28.9032
28.9712
28.4934
28.945
28.9816
29.009
28.8845
29.1705
29.5671
29.033
28.7893
29.3299
28.7857
28.9121
28.7935
29.0847
28.6399
28.5054
28.8576
28.7739
28.8236
28.9423
29.2749
29.1199
28.765
28.6309
28.6444
28.8242
28.8459
28.8687
28.9993
28.8137
28.9512
28.9747
28.6597
29.2086
28.8418
28.8077
28.5289
28.7561
29.1093
28.8106
29.2394
28.8551
28.2438
28.7048
28.8427
28.9
28.662
29.0704
29.1161
28.6341
29.1006
29.0446
29.0388
28.6845
28.9623
28.6832
28.7499
29.0573
28.5741
28.9828
28.7574
28.924
28.5624
28.9894
28.8761
28.4325
29.0439
28.8725
28.837
28.535
28.4794
28.8053
28.7105
28.9945
28.629
28.7417
29.0034
28.9388
28.5465
28.6559
29.0748
28.9265
28.8132
29.3242
29.5193
28.7605
28.6779
28.9869
29.1369
28.9089
29.1482
29.0862
28.5492
28.9221
28.5297
28.6409
28.709
28.6995
29.0553
28.9645
29.2993
29.1756
28.4917
29.1699
29.0525
28.7605
28.772
29.0029
29.0224
28.5928
29.1956
29.2562
28.77
28.9092
28.8639
28.9189
28.6887
28.7465
28.9116
28.6994
28.7008
28.7554
28.6821
28.7664
29.0128
29.204
28.9813
29.1641
28.9892
28.9334
28.8284
29.6634
29.0118
28.5882
28.7061
28.6992
28.6514
28.8047
28.6857
28.6539
29.1895
29.3736
28.9867
29.0365
29.0343
28.5715
28.6092
28.6496
28.8274
28.8675
29.2089
28.5419
28.6523
29.2464
28.798
28.8957
28.9118
28.8024
29.1239
28.9939
28.6841
29.0858
28.6782
28.5224
29.0412
28.7628
28.5197
28.7201
28.8896
28.6109
28.8781
28.6109
28.4391
28.9491
28.6527
28.9951
29.4331
29.032
28.725
29.1202
28.75
29.0801
29.2398
28.9623
29.0734
29.2657
29.0188
28.9552
28.5997
28.8459
28.77
29.1668
28.974
28.9658
28.7535
28.9206
29.0782
29.1292
28.5933
28.8955
29.2697
28.775
28.9523
29.226
28.8776
28.9638
28.9547
29.7309
28.7428
28.8043
29.0295
28.851
29.0466
28.8056
29.1282
28.5363
29.2555
28.9973
28.8716
29.4901
28.9183
28.8975
28.9747
28.9245
28.8507
28.9826
29.0388
28.598
29.0411
29.136
28.7312
28.8997
28.9092
29.0102
29.0854
29.0155
29.0757
29.1071
29.1952
28.8754
29.1706
29.0957
29.0779
28.7391
29.1879
28.7516
29.2704
28.2996
28.9865
29.0771
29.3369
28.7069
28.8177
29.5869
28.9921
29.3883
29.0114
28.7253
29.1872
29.291
28.9074
28.9699
29.0478
28.7972
28.9082
28.7405
29.0899
28.9244
28.9607
28.9546
28.4128
28.8431
28.6793
28.6086
28.8679
29.0455
29.0114
29.1034
28.6565
29.3546
28.4657
29.0713
28.6266
28.4994
28.5699
28.5726
28.8269
28.6021
28.6533
28.5555
28.523
28.7969
28.9302
28.5866
28.9886
28.7955
29.0524
29.0738
28.7422
28.583
29.0804
28.9168
28.8117
29.2408
28.8085
29.0556
28.6078
28.6058
29.1652
29.0426
29.0237
29.131
29.0768
28.7907
29.0978
28.5727
29.0584
28.9682
28.4564
29.0907
28.8253
29.0556
29.008
28.7385
28.8662
28.9809
28.982
28.9959
29.0512
28.5247
28.5435
29.3014
28.631
29.0447
28.9576
29.3444
29.1194
29.0976
28.7576
28.9824
29.2517
28.8773
29.192
28.9918
28.9987
28.9521
28.8564
28.9197
28.4226
28.6397
29.1506
29.4602
28.8571
28.9016
28.8698
28.4724
29.1579
28.8561
29.1845
29.2114
28.6897
28.7898
28.9324
28.7205
29.3837
29.149
29.0791
29.176
28.9688
29.107
29.0945
29.5216
28.8296
29.1562
28.8077
29.4466
28.9419
29.1659
28.8645
28.9946
28.7174
28.7426
29.2314
29.0025
28.8758
29.6595
29.2722
29.2429
29.2299
29.073
29.6127
29.0328
28.9598
29.1536
28.7992
28.9893
28.9678
29.1363
28.9927
29.177
29.5889
28.876
29.5589
28.9188
29.0054
29.1581
28.8589
29.3765
29.1587
29.009
28.9214
28.8994
28.904
28.6875
28.6278
28.6806
29.1064
28.6385
28.5476
28.6644
29.0493
28.9556
28.6184
29.1365
28.8374
28.8425
28.6473
28.3609
28.9496
28.5859
28.9618
28.668
28.8315
28.7693
28.452
28.6482
28.4804
28.5325
28.8585
29.0192
28.612
28.8005
28.6772
28.9326
28.7483
28.4913
29.0472
28.6124
28.668
28.9951
29.1034
28.7463
28.8473
28.8457
28.9306
28.7824
28.7606
29.1523
28.586
28.6024
29.0463
29.127
29.0932
28.8061
28.6956
28.7659
28.8791
29.0323
28.5756
28.849
28.7168
29.0169
29.2285
28.66
28.7917
28.9332
29.1038
28.9996
29.2786
28.7491
29.2391
29.1007
28.6792
28.9735
28.8562
28.8043
28.6815
28.8251
28.8548
29.1849
28.7677
28.5805
29.0696
28.8107
28.8341
28.8981
28.7561
28.7107
28.9244
29.2921
29.0836
29.3953
28.8029
28.7902
28.9682
28.8969
28.6475
28.584
28.5345
28.4826
28.8093
28.7672
28.6786
28.9049
29.2537
28.6583
28.5346
29.142
29.2144
28.6124
28.4297
28.9448
28.9363
28.9473
29.022
28.9194
28.9424
28.9196
28.8053
29.3829
28.9102
29.1693
28.7629
28.768
28.7668
28.9974
29.2507
28.7922
29.2311
28.4838
29.0336
28.6579
28.7312
28.6726
28.761
29.0445
28.9812
28.6832
28.8606
29.0087
28.943
29.0522
28.9854
29.0625
28.7876
28.4394
29.2279
29.0677
28.6572
28.7373
29.016
29.1668
28.6948
28.81
28.7604
29.0297
29.3254
28.7073
29.1892
28.6713
28.7993
28.3983
29.307
29.1111
28.558
28.8544
28.7013
28.8624
28.7477
28.6299
28.7071
29.235
28.9361
28.6234
28.7688
28.6169
29.056
29.0315
28.7697
28.5931
28.6398
28.8499
28.6671
29.0933
28.7831
29.0773
28.7365
29.1361
28.6705
28.9778
29.0509
28.805
29.273
29.0707
28.9787
29.057
29.0475
28.8577
28.8439
28.6475
28.528
28.2108
28.8966
28.9022
28.7953
28.9454
28.7482
28.8609
28.8225
28.7873
28.8528
28.7195
29.262
28.4947
29.1548
29.0747
29.0707
28.848
28.4333
29.0385
29.0453
29.0804
28.7509
28.8327
28.7052
28.6019
28.7838
28.5103
28.3244
28.605
28.4809
28.5991
29.2258
28.8761
28.4524
28.9832
28.4171
28.8278
28.9256
28.7926
28.5762
28.4381
28.7156
28.4527
28.5169
28.7007
28.9097
28.8297
28.8005
28.9763
28.3734
29.0832
28.8898
28.7231
29.0841
28.9475
28.9528
28.7549
29.052
28.6273
28.7716
28.905
28.787
28.7066
28.8296
28.6345
28.9668
28.7829
28.9218
28.611
28.9074
28.6358
28.6241
28.7677
29.0929
28.6501
28.6706
28.4017
29.1649
28.5152
28.8715
28.8499
28.62
28.7148
28.8
29.1691
28.656
28.8381
28.7432
28.8883
28.8871
28.7898
28.5618
28.9944
28.9251
29.1409
28.779
29.0826
28.8346
28.4447
29.1186
29.4059
29.0058
28.7699
28.7596
28.718
29.1135
29.2062
28.8183
28.997
28.5707
28.8577
28.6212
28.9882
29.5082
28.8597
28.6706
28.6888
28.8309
29.0989
28.929
29.0609
29.1029
29.0864
28.6919
28.8712
29.0039
29.1646
29.1478
28.8816
28.8809
28.7755
29.029
28.7278
28.9401
28.9733
29.089
28.7537
29.1417
29.2906
28.6008
29.0074
28.946
28.8504
29.057
28.8398
28.9194
28.8735
28.9975
28.843
29.2312
29.0178
29.0795
28.6879
28.9804
29.0133
28.9316
28.7264
29.1347
29.1517
28.8919
28.9881
28.8322
29.1865
28.494
29.0204
29.2289
28.7425
29.0783
29.0639
28.4461
29.0121
28.9866
28.8058
28.9114
28.9136
29.0308
28.9242
28.8749
28.9363
28.874
29.0078
29.0397
28.9814
28.9658
28.8057
28.8904
29.2758
28.6863
28.62
29.1834
28.5509
28.4871
28.6956
28.8423
29.2287
28.9002
28.9233
29.109
29.107
28.55
29.3712
28.5871
29.0825
28.7204
28.7252
29.0526
28.9863
28.9159
28.9143
28.8515
29.0524
29.016
29.0748
28.8483
28.8763
28.5802
28.9417
29.0947
29.2318
28.9496
28.6273
28.9693
28.7318
29.0114
28.6145
29.0457
28.615
28.9925
28.5239
29.0957
29.0887
28.8797
28.6356
28.5425
28.7551
28.999
28.6141
28.7356
28.7425
28.5691
28.5592
28.7653
28.3071
28.2657
28.6052
28.8414
29.0267
28.7907
28.9249
28.52
28.4623
29.0019
28.5856
28.8831
28.8546
28.3402
28.8908
29.0253
28.652
29.0444
28.8966
28.9006
28.6811
28.6614
28.6608
28.7248
28.6038
28.8277
28.9968
28.9982
29.087
28.4315
28.7495
28.3534
28.6992
28.8966
28.6488
28.991
28.7196
28.7212
28.7051
28.6309
28.8853
28.9325
28.7688
28.6907
28.7843
28.8142
28.9084
28.9858
28.8914
28.7737
29.1043
28.9761
28.9996
29.0678
28.6668
28.9687
29.0631
28.7711
28.696
29.5369
28.7528
28.7538
28.8355
29.2285
28.9485
28.8764
28.6863
28.9156
29.3979
28.7674
28.6957
28.6227
28.834
29.0993
28.9043
29.4084
29.165
28.7997
29.1075
29.1676
29.2431
28.9763
29.0322
28.9833
29.1315
29.0431
29.0018
28.6994
29.115
29.0868
28.6218
28.2538
28.8291
29.1398
29.3217
28.87
29.2549
28.8749
29.0558
28.98
28.6447
28.9231
29.1158
28.7318
28.9544
28.9345
29.2349
28.891
28.9716
29.0246
28.8577
29.1399
29.258
29.0274
29.1955
28.2975
28.891
28.8627
28.9293
28.9205
29.5787
28.7355
28.6153
28.8375
29.3507
28.8412
28.5326
29.016
28.8509
28.7913
28.8903
28.9721
28.6217
29.1783
28.99
28.9029
29.0122
28.6905
28.8799
29.0694
28.6802
29.0492
28.5281
28.86
28.8092
29.1005
28.784
29.1124
28.886
28.7635
28.7546
28.9382
28.8444
29.3127
29.5637
28.4808
28.7569
28.9054
29.16
28.4527
29.3823
28.1646
28.5714
28.8161
28.7783
28.9423
29.1682
28.9266
28.831
28.8803
29.0565
28.8006
28.8069
28.8278
29.1277
28.8859
28.9811
29.1927
29.172
28.8839
28.9384
28.6668
28.964
29.1002
28.5292
28.8595
28.8292
28.7873
28.8157
28.8155
28.9939
28.6911
28.887
28.6474
28.9026
28.5595
28.8268
28.829
28.7913
28.8889
28.9527
28.7476
28.7421
29.0552
28.5422
29.3077
28.651
28.8205
28.7677
28.6982
28.7367
28.7263
29.1948
28.7526
29.2639
29.154
28.9216
28.9853
29.0488
28.776
28.8937
28.6651
29.2364
28.72
28.7804
28.9226
29.1273
28.6325
28.6387
28.5836
28.7987
28.5005
29.2511
29.0517
29.1761
28.7097
28.9684
29.1682
28.94
29.2983
29.2719
28.7884
28.8779
28.73
28.8417
28.7032
29.0836
28.9748
28.9692
29.0016
28.9963
29.1722
28.6271
28.8748
28.875
28.9238
28.8775
28.8503
28.6958
28.6196
28.5991
29.1668
28.7192
28.8444
28.6493
29.1601
28.9844
28.543
28.6514
28.5132
28.9674
28.6224
29.1399
29.1604
28.7247
28.7576
29.0305
28.7912
29.0697
28.907
28.8811
28.9642
28.8418
28.6076
28.7853
29.146
28.9758
28.854
29.3105
28.4877
28.8763
29
29.0081
28.8771
28.7982
28.7981
28.8057
29.2836
29.1482
29.2691
29.2181
28.9341
28.8616
28.6983
29.0807
28.807
28.5932
29.1776
28.8341
28.7465
28.7222
28.9065
28.7056
29.0172
28.3974
28.6675
28.8835
28.5201
28.6612
28.5156
28.7338
28.7321
28.64
28.6855
28.613
28.6882
28.6898
28.504
28.6785
28.7629
28.6004
28.5706
28.8401
28.6439
28.5527
28.9491
29.0323
28.5595
29.0485
28.9874
28.6528
28.7001
28.9838
29.1699
28.5535
28.8062
28.7634
28.8815
28.6256
28.3821
28.9548
28.4042
28.7941
28.7416
28.5966
28.6138
28.6331
28.8507
28.9177
28.4612
28.9124
28.7883
28.6253
28.8916
29.2222
29.0504
29.185
28.6194
29.0566
28.6888
28.6539
28.5961
28.6125
29.0298
29.0079
28.9042
28.5033
28.6
28.7311
28.8401
28.8648
28.0746
28.8271
28.5799
28.6075
28.5023
28.821
28.5722
28.8545
28.9829
29.1263
28.9559
28.6732
28.895
29.1315
29.3349
28.9538
29.1939
28.6009
28.7413
29.0597
28.7425
28.962
29.0413
28.8424
28.8519
28.9279
29.0049
28.9795
28.8757
28.8982
29.0681
28.6866
28.5364
28.5757
28.8285
29.0846
28.9447
28.6981
28.873
28.897
28.7976
28.8955
28.9406
29.1354
29.0268
28.5628
29.4447
28.695
28.4806
28.9226
28.803
28.8795
28.5595
29.1779
28.4134
28.688
28.8417
28.4299
28.7291
28.729
28.517
28.3079
28.8852
28.8002
28.454
28.6117
28.7956
28.8262
28.8023
28.5557
28.8343
28.7667
28.4709
28.8343
28.9006
28.9371
28.5862
28.4528
28.618
28.786
29.1554
28.9464
29.1032
29.0545
28.3622
28.7017
28.9483
29.1949
28.6466
28.8309
28.8495
28.7652
28.593
28.6895
28.823
28.952
28.5898
28.9284
28.6472
28.9663
29.016
28.5516
28.92
29.3302
28.4791
28.8376
28.6052
28.7942
29.0717
28.861
28.6567
28.7742
29.1733
28.6446
28.88
29.0618
28.9384
28.568
28.9534
28.8676
29.1097
28.9808
29.3089
28.8031
28.8969
28.7844
28.644
29.0112
28.8283
29.0292
28.9961
28.6408
29.0333
29.1432
29.1404
29.0698
28.9805
29.1565
28.8373
29.3126
28.9938
28.727
29.4272
28.9162
29.0198
28.9142
29.2618
28.7311
28.8732
29.4605
28.9084
29.082
29.0466
29.1667
29.1579
28.9582
29.0224
28.5048
28.857
28.8913
29.1648
29.137
28.741
28.6876
28.9486
28.7754
28.9851
28.9321
28.8427
28.5419
29.0736
28.4662
28.5977
29.2829
28.7723
29.1015
29.0674
28.719
28.6039
29.315
28.9609
28.824
28.9226
28.7583
28.4937
29.0175
28.6283
29.1046
28.5253
29.033
29.0525
28.6671
28.8026
28.8498
29.0844
28.8869
29.1285
28.7321
29.4013
28.884
28.9528
28.6077
28.7496
28.9138
28.742
28.3968
29.1068
29.0887
28.8266
28.7794
29.0014
28.6181
28.5415
28.7242
28.7773
28.753
28.7076
28.8114
29.1771
28.8577
28.5889
28.8411
29.1155
29.0187
28.9973
29.0604
28.6332
29.3429
28.6906
28.8532
29.1442
28.932
28.4725
28.875
28.4614
28.9018
28.7681
28.989
28.7053
29.1153
28.9681
29.1352
29.199
28.6495
29.1941
28.8671
28.954
28.8134
28.947
28.8866
29.331
28.8048
29.0328
29.4477
28.6279
28.9442
28.954
29.2157
29.1309
28.7683
28.7491
29.3572
28.6059
29.1473
29.1872
29.1226
28.8848
28.8194
29.153
28.8141
29.049
28.7715
29.003
29.1159
29.0199
28.8955
29.3913
28.7427
29.2949
29.273
29.011
28.9338
28.6178
28.9718
28.6597
28.6524
28.9799
28.7628
28.4897
28.8345
28.9512
28.6192
29.0368
28.681
28.8809
28.857
28.5369
28.7467
29.1101
28.6848
28.8788
28.8125
28.8199
28.8768
29.2192
28.8631
28.3223
28.7129
28.9791
29.1581
28.9252
29.0082
28.7825
29.4427
29.284
28.5687
29.2703
29.1038
28.5652
29.1278
28.8114
28.6017
28.7125
29.0354
28.6638
28.8563
28.6945
29.283
28.8543
28.6258
28.574
29.0811
28.996
29.0468
28.7229
29.0113
28.7468
29.0162
28.93
28.9286
28.6739
28.7909
28.8484
28.6458
28.9089
28.7811
28.8475
29.0881
28.8041
28.4401
28.6244
29.2159
29.1349
28.8034
28.9018
28.6403
28.6679
29.1669
29.2028
28.9874
28.8892
28.6056
29.182
28.6252
28.8142
28.6011
28.6616
28.7466
29.051
28.4965
28.714
28.62
29.04
28.9448
28.9784
29.1543
28.7143
28.8156
28.5752
28.8998
29.0751
28.8665
28.595
28.7574
28.7541
28.7537
28.6423
28.9461
29.1123
28.8965
29.097
29.1497
28.9468
28.752
28.4044
28.6783
28.7717
28.6194
28.799
28.2523
28.8503
29.2927
28.5331
28.6342
29.0008
28.5044
28.7597
28.8629
28.6708
28.763
28.6632
29.2801
28.5136
28.5115
28.8365
28.8763
28.5027
28.7987
28.7202
28.6528
28.4724
28.9496
29.1212
28.6542
28.4927
28.734
28.7525
28.4763
28.9077
28.7536
28.4568
28.9844
28.9831
28.4166
29.051
28.7301
28.942
28.9581
28.8469
28.671
29.2948
28.8329
28.8019
28.5327
28.7767
28.3484
28.7507
29.1357
29.1274
28.8404
28.4679
28.9698
28.6465
29.2087
29.4193
28.9719
28.9905
29.1105
29.1606
29.2994
28.9636
29.3408
28.9189
28.8978
29.499
29.0541
29.2133
29.4822
29.1079
28.7183
29.091
28.7716
29.1759
28.9528
29.1489
29.5148
28.8326
29.1294
29.2177
29.3278
28.8984
29.3178
29.3077
29.2163
29.3126
28.9686
28.9627
29.1191
28.9162
29.2117
29.2145
29.4777
28.9269
29.1542
29.2818
29.004
29.1847
28.9069
29.1894
28.3591
28.77
28.5753
28.4753
28.6722
28.6458
28.7723
28.9056
28.9098
28.7897
28.8883
28.4258
28.8201
28.5672
28.366
28.4094
28.4693
28.9274
28.9997
28.7963
28.7285
28.6955
28.4932
28.7325
28.8908
28.527
28.422
28.4778
29.1172
28.3538
28.4457
28.6087
29.0059
28.8319
28.6725
29.0792
28.3834
28.9396
28.6657
28.6238
28.6689
28.529
28.876
28.4005
28.9625
28.5527
28.9174
28.73
28.9195
29.2772
28.5547
29.1717
28.8714
28.5256
28.5103
28.6372
28.2318
28.6381
28.996
28.9296
28.8218
28.517
28.4366
28.7525
28.6145
28.5793
28.6528
28.4195
28.711
28.2795
28.7588
28.6311
28.7903
29.1638
28.706
28.9265
28.7073
28.6815
29.3119
28.6245
28.535
28.7207
28.41
28.9196
28.6416
28.9515
29.0367
28.3063
28.94
28.4107
28.7932
28.7978
28.6017
28.4977
28.5356
29.2748
28.825
29.1641
28.2506
28.6294
28.6905
28.7553
28.7059
28.8161
28.6408
28.435
28.835
28.9959
29.1318
29.0553
28.7923
28.6336
29.0373
28.7715
28.4361
29.066
29.2117
28.755
28.8858
28.7131
28.7798
28.9031
28.8747
28.7771
29.1412
28.8945
28.9001
29.0239
29.2342
29.0868
28.5673
28.8204
28.9357
29.1497
28.3394
28.7505
29.096
28.7747
28.8382
28.8633
28.7418
29.1139
29.0959
28.9236
28.74
28.9885
28.675
28.686
28.8331
29.1036
29.1982
29.1627
28.7014
29.0382
29.1695
28.4925
28.7247
28.9778
28.5344
28.5827
28.7798
28.7293
28.4317
28.7205
28.583
28.9957
28.9907
28.7851
28.2141
28.489
29.2878
28.7966
28.7983
28.8707
28.5682
28.4917
28.8009
28.6094
29.2176
28.3412
28.77
29.016
28.9061
28.4249
28.223
28.7291
28.5
28.6135
28.3826
28.4634
29.0155
28.7787
28.7045
28.8849
28.7857
28.6689
28.8944
28.6327
28.9332
28.9153
29.1241
28.5884
28.7616
28.9357
28.8662
28.947
28.6846
28.6747
28.3356
28.962
28.7822
28.734
28.669
28.3811
28.6005
28.8687
28.9056
28.9021
28.932
28.7138
28.9845
28.8911
28.7837
28.7668
28.4021
28.9398
28.9394
28.8658
28.7879
28.8645
28.9246
28.7487
29.1447
28.6535
28.3943
28.6675
28.4684
28.4209
28.9586
28.7527
28.8583
28.4294
28.4631
28.5821
28.8217
28.8106
28.7187
28.9553
28.912
28.8511
28.4941
28.8389
28.9449
28.6622
28.7913
28.5176
28.6893
28.5833
29.0955
28.5856
29.1539
28.7545
28.9911
28.7581
28.7014
28.8704
28.7014
28.8072
28.9102
28.823
29.1276
29.2209
28.814
28.768
28.7899
28.5463
28.6405
29.0973
28.7834
29.0902
29.2618
28.6747
29.0994
28.353
28.4857
28.983
28.9151
29.2023
28.7262
28.8113
28.6373
28.8543
28.7451
28.8899
28.8348
28.8177
29.1324
28.5699
29.0161
28.7456
28.5349
28.6751
28.2961
28.5195
28.7356
28.4562
28.7145
28.5451
28.3536
28.4828
28.6986
28.6543
28.4381
28.3372
28.8489
28.6834
28.4946
28.7715
28.7486
28.955
28.7474
28.7058
28.5925
28.8093
28.5794
28.6528
28.9907
28.4563
28.4319
28.5026
28.8252
28.6903
28.835
28.925
28.5139
29.0824
28.6489
28.6646
28.5591
28.6396
28.7031
28.7098
28.6798
28.8339
28.4384
28.7228
28.6593
28.7129
28.4801
28.5358
28.6859
28.6667
28.5482
28.8608
28.6008
28.9293
28.4914
28.6939
28.5842
28.9046
28.8577
28.6914
29.1027
29.0499
28.8323
28.7535
28.8059
28.8277
29.1943
28.667
28.8261
28.4937
28.7296
28.8207
28.38
28.5902
28.369
28.9287
28.5766
28.6659
28.625
28.5778
28.9902
28.914
28.975
29.0056
28.4483
28.8689
29.2282
28.6503
28.726
29.071
29.0525
29.0934
28.8784
28.7152
28.7066
28.5889
28.658
29.1028
28.8374
29.0201
29.1267
28.736
28.6
28.9469
29.1373
28.8517
28.934
29.143
28.958
29.1454
28.8708
28.8863
29.0259
29.1055
28.942
28.8814
28.8946
28.7059
28.4487
29.134
28.9692
29.0506
29.1714
29.1554
29.0706
29.075
29.1941
28.8634
29.1248
29.1585
28.5709
28.7492
28.6962
29.0236
28.9738
28.6788
28.7318
28.68
28.7438
28.5556
28.7502
29.2858
28.9223
29.2693
29.0001
28.8812
28.8511
28.9747
29.0555
29.3348
28.947
28.8444
28.9177
28.6904
28.9069
28.8651
28.8998
29.1226
28.8155
28.8542
29.0461
28.5789
29.1063
28.6835
28.9088
28.8621
28.8376
29.1924
29.1892
28.9872
29.0073
28.6941
28.6794
28.639
28.6934
28.7926
28.5576
28.7899
28.774
28.8157
28.723
28.7271
28.9013
29.3579
28.9241
28.557
29.1503
28.7411
28.1631
28.8568
28.9625
28.7855
28.8453
28.8083
28.9728
28.9779
28.4637
28.5666
28.752
28.9044
28.8016
28.7632
28.7054
28.6331
28.5997
28.9129
28.8305
28.5715
28.7613
28.6209
29.0052
28.804
28.8954
28.8524
29.0803
29.1062
28.8946
28.8579
28.8703
28.8018
28.8063
28.7193
28.801
28.8695
29.1861
28.6804
28.7622
28.8127
28.782
28.7678
29.1314
29.1959
29.0588
28.9707
28.8573
29.063
28.6517
28.9189
29.097
28.9677
28.911
28.5835
28.7197
28.9521
29.2176
28.5439
28.9649
28.6526
28.7701
28.6599
28.8478
28.6831
29.0725
28.8612
28.9645
29.051
28.5634
28.9392
28.4012
29.059
28.8498
29.4084
28.6059
28.7627
28.5019
28.9736
28.3298
28.8346
28.8039
28.9037
28.8236
28.8169
28.8931
28.9061
28.6017
28.6493
29.0508
28.6955
29.0793
28.7513
28.3255
28.963
28.7771
28.4893
29.233
29.224
28.9024
29.131
29.1313
28.5098
28.9263
28.7794
28.629
29.1602
28.8335
28.7816
29.3014
28.7174
28.9011
29.0498
28.6705
28.8818
28.8451
28.9008
29.0333
28.8864
28.8787
29.3756
28.952
28.413
28.7818
29.2602
28.5171
28.5539
28.9347
28.8228
28.9648
29.0075
28.8144
28.4952
28.9914
28.8185
28.7565
28.7537
28.9644
28.6421
28.4061
28.5829
28.2838
29.0832
28.7066
29.087
28.8179
29.1671
28.8024
29.1389
28.917
28.58
29.1988
28.6681
28.9451
29.0418
28.9121
28.8136
28.7548
29.3293
28.7583
29.0539
29.0917
29.0345
28.7087
29.0074
28.9637
29.3283
28.5082
28.9656
28.808
29.1018
29.061
28.7163
28.3814
28.8771
28.9226
28.6589
29.1588
29.0675
28.8675
28.984
29.1424
28.9657
29.2963
29.2289
29.1026
28.5671
29.1078
28.7637
28.8937
29.1385
28.6739
29.1892
28.5574
29.1256
29.0032
28.6492
28.836
28.8333
29.037
28.663
28.8438
28.447
29.0336
28.1794
28.9697
28.7422
29.1242
28.8592
28.5987
28.4053
28.5505
28.798
29.2569
28.7396
28.9385
28.644
29.0883
28.8578
28.9425
29.0623
29.1006
28.7879
28.8811
28.7411
28.9281
29.314
28.7765
28.9738
28.9069
29.4334
28.6902
28.9462
29.1094
29.2744
28.8535
28.4659
28.822
29.0921
29.0619
29.1197
28.5834
28.5935
29.1424
29.0842
28.92
29.123
28.972
28.7856
28.8025
28.7069
28.8094
29.1451
28.6948
28.7954
29.0005
29.3342
29.0656
29.0188
29.0308
28.625
28.7051
29.2536
28.6542
28.9036
29.1397
29.0097
28.9393
28.7269
29.3148
28.917
28.6079
28.9407
28.6095
29.0641
28.5106
28.4942
28.9277
28.9003
28.6897
28.5057
28.6019
28.6153
28.7958
29.1556
28.7361
28.778
28.7678
28.6144
28.9041
28.7025
28.678
29.4408
28.6387
28.856
28.4824
28.9131
28.4478
28.7901
28.7435
28.3632
28.7184
28.9503
28.9611
28.9503
28.7377
28.5477
28.9956
28.9439
29.0121
29.1612
29.3057
28.9571
28.6888
28.7273
29.0963
28.831
28.9621
29.073
28.3672
28.9954
28.8341
29.4117
28.8293
28.7408
28.7654
28.7393
28.8471
29.0231
28.6965
28.6474
28.6538
28.5155
28.6747
28.6021
28.682
28.8401
29.3846
28.1575
28.8099
28.9291
29.0904
28.694
28.7888
28.7696
28.4284
28.9561
28.5952
28.6424
28.6011
29.0258
28.5853
28.3954
28.7723
28.71
28.9562
28.5611
28.5334
29.1851
28.5839
28.8331
29.1934
28.7675
29.3771
29.0266
28.6936
28.6352
28.7462
29.2486
29.2552
28.592
28.5785
28.9395
28.7704
28.8195
28.7341
29.087
28.7838
29.3253
29.0224
28.5889
28.8521
28.9103
28.9858
28.7137
28.8643
28.9643
29.0556
29.0042
28.961
29.0547
29.0621
28.8721
28.8488
28.9762
28.8594
29.2879
28.7211
29.0771
29.1114
29.2286
28.6347
28.9767
29.2912
29.1776
28.8364
28.8845
29.332
28.6671
29.0432
28.8711
28.7513
28.7245
29.0544
28.9045
28.8356
29.0754
29.283
29.4658
28.8857
29.2001
29.1757
29.1945
29.3289
28.8224
28.8483
28.7813
28.8104
29.1741
28.8626
29.1353
28.55
28.6466
29.0847
28.5986
28.9607
28.5284
29.0947
28.9712
29.1845
28.9175
28.7407
28.8322
28.8874
29.3772
28.6279
28.5769
28.5616
29.237
28.925
28.7112
28.9189
28.7746
28.9432
28.5068
29.0897
28.7893
28.9561
29.0689
29.2382
28.6025
29.05
28.9948
29.1468
28.6798
28.7106
29.2069
28.6389
28.7719
28.9746
28.7344
29.0082
28.782
28.7601
29.0045
28.8991
28.6674
28.8436
28.704
28.7715
29.0018
28.6915
29.0818
28.7801
28.6285
28.944
29.2027
29.0715
28.7539
28.6637
29.2639
29.2849
28.831
29.1084
28.7074
28.8997
28.991
29.0904
28.8377
28.9539
28.9118
28.9338
29.1985
29.222
28.9305
28.9739
29.0845
29.0872
29.0261
28.6896
29.0643
28.8441
29.1173
29.1751
29.0545
28.8114
29.2487
29.2024
28.9239
28.9679
28.998
29.0279
28.7985
29.029
28.6642
29.0656
28.9946
29.3825
29.0906
29.2287
29.0171
28.8677
29.1323
29.2878
29.2936
28.7898
28.9587
29.0009
28.9666
29.0476
29.2525
28.8925
28.9193
29.0653
29.0427
28.4848
28.8839
29.2228
28.7164
28.8878
28.4953
28.5668
28.8309
28.802
29.1946
28.8723
29.3086
28.4474
29.1986
29.3943
28.8762
29.0906
28.8563
29.1071
28.8511
28.9436
28.8909
28.6108
28.6613
29.0184
28.7692
28.9634
29.0405
28.808
28.8031
29.2401
28.8307
29.0112
29.1882
29.1621
28.6994
28.9425
28.946
28.9047
29.3519
28.8795
29.0171
28.8847
29.2173
29.1307
29.1886
28.8104
28.824
28.6801
28.8207
28.6822
29.0813
29.1173
28.9949
29.2846
29.0678
29.077
29.1777
29.4494
29.3296
28.7634
28.773
29.3282
28.9428
29.123
29.3462
28.7886
29.2101
28.9963
29.1859
29.008
29.0903
29.3275
29.021
28.6987
29.2139
29.0643
29.463
28.7852
29.1418
29.067
29.081
29.0177
28.689
29.1026
28.9136
28.789
29.1443
29.0722
29.1153
29.0054
28.5559
28.8377
28.9588
28.3085
28.6608
28.7754
28.6899
28.9956
28.3485
28.6672
28.8131
29.0313
28.718
28.4735
28.6492
29.0212
28.8573
28.667
28.5795
28.9731
28.5822
28.9844
29.1413
29.2947
28.6849
28.6479
28.896
28.5063
29.149
28.8854
28.8112
28.4965
28.7324
28.7533
29.0776
28.9569
28.775
28.7207
28.7652
29.0859
29.0347
28.9478
29.2574
28.7137
28.7873
29.0989
29.2543
28.6905
28.8488
28.694
28.8476
29.0958
29.0324
29.106
28.6055
28.8017
28.6189
29.0064
28.9763
28.7244
28.9826
28.6704
29.1727
29.0098
28.7151
29.4527
28.7845
29.4759
29.2216
29.0434
29.1447
28.8698
29.3366
29.0219
29.0173
28.8239
29.1372
29.2143
29.3557
28.8007
29.6694
28.919
28.7729
28.9717
28.7619
28.9138
28.5829
28.8887
28.6776
29.1041
29.0661
28.5799
28.7743
28.6969
28.8407
28.7285
28.5009
28.3576
28.5836
29.2131
28.8029
28.6511
29.1262
29.0087
29.1886
28.4463
29.3093
29.3043
28.7027
28.6222
28.8304
28.991
28.9295
28.9064
29.0724
28.461
28.9895
28.5985
28.8315
29.3615
28.732
28.6519
28.8001
28.8173
28.8264
28.7909
29.1
29.0282
29.1876
28.9401
29.079
28.6892
28.9334
29.1502
28.8813
28.5971
28.9285
28.6178
28.564
28.8642
28.8823
28.381
29.2016
28.8324
29.0779
28.8612
28.6551
28.8259
28.8053
29.1201
29.0429
29.1543
28.7513
29.1191
28.727
28.6938
28.7123
29.1079
28.9854
29.2634
28.8651
28.4089
28.6041
28.7802
28.9099
28.9786
28.7665
29.1214
28.9272
28.8453
28.9147
28.7323
29.1297
28.9007
28.9503
28.9768
29.0057
28.7882
28.8365
29.0707
28.9048
28.8926
29.0089
28.588
28.8772
28.9452
28.6601
28.937
28.8203
28.8554
29.1361
28.651
28.6618
29.0768
28.6337
28.9324
28.8761
29.1489
28.8155
28.9873
29.0594
29.1117
29.008
29.2994
29.1446
29.0792
28.8538
29.0272
28.7521
29.234
28.6467
29.4071
28.7357
28.8191
28.6829
28.8319
29.3296
28.7979
29.0235
28.8889
28.8887
28.9513
28.9716
28.9833
29.1138
28.7841
28.6757
28.9469
29.4002
29.1124
28.5895
28.8094
28.4392
28.7533
29.0638
29.1418
29.0257
28.8719
29.3634
28.8728
28.9113
29.0132
29.086
29.1178
28.9035
29.3739
29.0566
29.0163
28.8761
29.5423
28.9971
29.0381
28.9348
